290 11. 995.
914 11. 216.
1. 93....11.359.
459 11. 359.

ι, 189. , , , 11, 663.
299 11. 359.
296 11. 964.
348 11. 365.
499 11. 359.
419 11. 212.

κ. 192. . . ,11.656.
249 11. 212.

9116..11.9.
929 0116.
275 1. 9611.

353.
299 11969,
429-434 1. 15.
454-466 1, 15.
461 1. 15.

592 1. 15.
519 1. 59.

519 1. 65.

μ. 15, ..1 16.
54 l. 49.

73 11. 657,
117 11. 212.
196149.
366 11. 499.
ν 126. ..1 16.
158 l. 18.

179 119.
299 11. 959.

ξ. 49....11.213.
162-164 1. 19.
179 1. 29.
396 11. 216.
995 11. 219.
499 11. 216.
594-596 1. 22.

o 24- 26 1. 24
1571.25.
294 1. 25.

 

