mnnx Aucwom „

29. Π. 290. 102. Π. 295. 77. 1173.
32. 11290. 103. Π. 295. 83. 1173.
33. 11290. 105. 11. 296. 85. 1173.
36. II. 290. 108. Π. 296. 86. 1173.
38. Π.291. 111. 1.171.Π.296. 91. 1174.
47. Π.253. 112. 11. 297. 93. 1174.
59. Π.291. 11611297. 94. 1174.
60. Π. 291. vl. 1. 11. 386. 96. 1174.
61. 11291. 211386. 97. 1174.
63. 11291. 4. 11337. 99. 1174.
65. 11291. 611387. 71128. 1175.
66. Π. 292. 9. 11. 387. 34. 1175.
68. Π. 292. 10. 11. 388. 40. 1175.
69. Π.292. 11. 11388. 42. 1176.
71. 11. 292. 12. 11389. 47. 1176.
72. ΙΙ. 293. 14. ΙΙ. 391. 49. 1176.
77. Π.294. 16. 117111391. 50. 1177.
7911294. 17. 1388. 51. 1177.
83. Π. 294. 22. 1. 388. V 53. 1178.
89. lI. 294. 34. 1172. 60. 1178.
90. 11. 294. 49. 1172. 65. 1179.
91. 11295. 54. 1172. 66. 1179.
97. 11295. 56. 1172. 70. 1179.
99. Π.295 58. 1172. 71. 1179.

vamme Mmus I. 295-305.
vamme L 412-424.
ΧΙΝΟΡΕΟΝ περὶ πόρων Π. 299-301.

Cyropaed. 11. 105.

 

