313 1311111331 313331131113. 199

1111, 1131 131131113331111113313111 der 11133131331133133. 1133
31111]31 dns 133111 13 hebben 313 1313113133 1131 hier 13313 11333
3313111111133 33133133133 133113133133311311, 113311 311333 opin-
11331133 113111]331331311,1113 111] 111333 3331311313 13133.

8311311133 111] 331 11131 1131 3133311113 1311 1131331313,1133
hehonren 131 1131 1331313 311333 11313 11133 1311331 1131 11](13113
Venno libri ramessen· 3331131113131 1133133133, 1113 33331113111113·
11133 313131331133311 1311313133, 311 13111131 13311, 1131333 scriba
11311111111500 3. G. in 131313111311131 133111133313333311 13311,
11331311 11], 3131113 313131133, 313313113311 13 13311311311331133
aen de 11313313 11313311 31331113.

11131131 113133 111] 13 131131133 113 1131133133 1131 133313113-
133, 11. 1. Consulum, Praetorem, Oneeslorum.

1113333 111] 3331 11311 13113311,11311 3133133111] 31311331 de ,
33111311 3113311 313333 op 11313333 111113 11331311 333113311, 33
dan 113133 111] 3131113111] 1313331313113113131133 1133 1311311-
113133, 3131113131311131113331131133 111] 113 311331331113 1331131
3111111 des 03333131). 1131 11331333 der 0331133113111 Praetorem
1113311 111311 op 3111313333 Priscianus 333113311 311 Suetonius
13 11. Praeturam, en wel 333 1311131133 randedr'es 13111
33 333 131313331133. 11 1311333133 111] 1131 31 3333311313
dingen 1113133133 133 1131333 1331 de historie, 11311 3311113133
333 13311 (13333313333111 die 13 313333.

’113 1333133 3333311331113 3113313113 11111133. σ1611131311 333 13-
1333 1131 333133 113113111 33111331 commentarii 3333113113 31 j 313131
133 1113 quaestor, 1131 commentarium 31131 3333111113311 (131113-
3131331133) 11. 1111311 Meni 1111333313111, 31113331111333313111
11333111. 1131 1113131111 13 1311131311 311133113 33 3133313 de 13-
1133 3333133131ἰί 133 1313133133 31111, 11331131 1131 1311131313
33133113, 11331 131131333313133, 1131 3313311131333111313111311
1131113331113111133. Van 1131133 11]·1113 11311 8311133131 1331,
133 111111 113 1113131111131131 1111133111· capitales 13 2891 1311133-
1333 3311131 113 3333313133 313 313311313 3111131133 13 3131 131131
belrend, en 331 1133131333, 111313 11]·3133331311311111313131

1) 13113311311131113133111333. 265 Spnunh. 33311 de 131331313311131111]
3331333133 1131 03111133 ad comitia cenrnrn'etn. 1113313331 (1131113. 887): Sne·
1311131111 VIII Praetorem 1331111133 311111, 33111111 jes fatur, 33 1111111 in IIII
Praetereunt Plaetoria, qnae 3113131331311 1131111 31311111 quinque 1113111311.

 

