206 64464444644 44, 46 sqq.

is en 44464441 346643 64644 44444666, 44144 44464446 4444
44444464446144144446, 4664644 mi] dnnnhjk is, 44 steven. Wnn·
. 6664 6444446 46441 446646 646444 worden 4463434466, wel 66
4614666 64444 4464 6444644144, 444] 4664146 4633464 4446644444·
643463, 64 64436 4646646444643463 446 hem, die 4144464 144464-
446 44664664 664 444 4441441466 663 46 446646, 44346 64 444-
166446, 644 1444 44444646 46 verknnpen en 44366 44444444444464
46114, 644 46 4446 4444444416644446 4614 4444446 6444 4146444
6444 66444444411434446 4464444, 46444 44 44114 4444 46464444144144
46 44664. 644441 46 64444464446464463 444446464 44 het 34644146
644 4464, 6444 47 6664466411444 4664443444 46 44444 6664 646
4444414466 466444416 4463446666 werdt, welk een 344441 466446
34444 64 46644464446 44444164. Wel 44446 44644 661666, 644
446 6464464364 6344614414 ’414664 44146346 44446644, 346346
eij 466 464 446 44666 1441444 446 4436 4444446 44 44466446, 41·
1466664644 hij 3416 446 646 Κ66463, wiens 666446446 44] was,
6444 64 Peloponnesus gebracht 446. »446 3446134 14444446,”
466 3444 64 44646444 46644 (§ 46), »waren 66 64441446 bn 646
»444464641463 3466644, 6444, 466414 44464, 64 444446641463 bn
»de 6444446. 411464 6644 46644, 66614 46 44643 46644 6344644
‚werdt 34] 6664 64464411646 34444 14444416, 46444 464 44444 444
»6444 61 41644 414 444 4433464 44664 gij 14443646 46 4614 34]
,64 6464 4664643646 44646464”

weh 46466646 4444444144 6446 op die 444431 wat andern 646
4664 464444644664 4444644463 446 den 46644466, 44444464 444
Athene 644 μαραθωνομάχοι 41664 644 46441433463 4444 646461144-
34444 444441146 is? En 4444 446646 44444 bf 4444, wat wij
4464464444 44464 414 4464 446146134 634464613463 4464664666
hebben 341464444444 46 446 lemma, wnanbij 14644 4444 444
zijne 6444446 han: 64, 44466444 wij 4644 64 44444 4466464441·
446 644 41144 4444444646, 64 46134664 4664644663 (4 44-64)4

»8664461346 44464446 46 46664 666664414446 664 moed 144 44
»43441446 444 4433464 6646 44643446 44446646, 64 4444644466-
miens, 64446 4646644444 6446444344 646 Philippus 66 46 46414
»hebben zij ons 6444 466646 44464444346. 41444 zij die 466
4434441446 144446 6444 np 64364441 4444664464 664444664344646
»en den 46646443463, 646 46 41144 46 466441 466641634441466
4144414 314444 34466646. 14466, bij den 44346666464346 44466

 

