494 4443444 4444434444.

1144444343.

4444444 a. 10. ·. . . 44333. 434 4. 43.
443 44444433 343 4, 44.
444 4. 34. 44. 545. . . . 44. 911.
443 44444. 443 44434
344 44. 334. A. 33... . 44. 915.
3444. 4344433. 444 44444.
444 44433. 334 44333.
443 44444. 444 44343.
434 44443. 444 44444.
444 44444. 159 44. 434. 444.

44. 33...44333. 44. 33....44.444.
443 44333. “ 43 44444.
443 44333. 434 44444.
344 44444. 44. 44....44.434.
443 44333. 115 44333.
444 44444. . 444 44444.
444 44334. 433 4. 33.
333 44334 344 44334.

A. 151. . . . 1. 19. 155 44344.
344 44344 434 44344.
433 44. 915. 444 44444

44. 34... ,44.343. 443 44443.
443 44443. 44 444. . . . 44. 443.
343 44333. 443 44343.
434 44444. 434 44344
434 44.;443. 344 44, 115.
434 44344. 433 44. 334.

4. 109. . . ,44444 o. 34 44, 334.
344 44333. 43 4433.
443 4444. 443 44434.

44. 433. . . . 44344. 433 44433.
443 44434. , 344 44. 955.

= 451 44343. 334 44334.
444 44343. 44. 333. . . . 44343.

9. 199. . . . 44444. 444 44. 919.
444 44443. 444 44443.
344 44444. P. 443. . . . 44344.
444 44. 334. 443 44444.
443 44. 911. 444 44343.
444 44443. 444 44444.
443 44343. 3. 443. . . . 44444.

4. 43....44.344. 443 44343.
444 4. 44. 434 44444.

 

