331 3331113333 333331131313. 103

331311331133, 13131333311311113 11331331 31311331 333 3131331
13111133 1331 33131131133 33133133133 1331 133 Pontifex.

133133 111) 33 31311331 1313 1311113 333 1313 1333113 1313
3313131 13. want, 13113113 113 3113313133 013333133111,11131-
311 3133 33313311, 131 03131133 13 111311 1311 ἀρχιερεῦσι 1131133111
viva& 31311331 1131 31131113331331 133 Rome heeft 3333313311 ¹),
133 Gellius 1133 13 ,111113 0113113313113133313ε 1131113131
scribere, 311311113111133311 Ρ. Μ. 331, 33311331 31113113 3313,
quotiens 13333 3111 1311311113111331133 3111 3311 3111113111. 113-
13311131 3313131311; 13 131313 3331 Pontificem Μ. 33313313310113.

11133 3113· 33 13 13333333313 11333133133 113 131 11313133
Maximi, dan vinden 111), 313111 1131 333 3133 3111131133, 11133
333311313 131133. 3. 1133330113 waren de 3333-33133333131·
131313113333 op de 131313 13 13133. 113333131131133) 013313
11113133 maximi, 1133113 13 133 31331333313311331333313331-
1311313131133 33331311 510 13133 p. U. (1.1 13 131133 33113331,
1331 hij 131131,313“1131 13331 133 133131331311 1311313113-
3311313131133 van Romulus: wat wil 111 331313 333333 133
111; 113131311333 11331331 3333 331131111113333133133133. 11331
. 113 1133133133 31133 331333333111111111133 11333133 Maximi,
11313313 1313 113133 3331113133 3313133313131113 31311313 3131
3313131311 13311113333 ²). 1113113131333111), 131 1131333·
1311313131133 3131 13 101, 3133121 1331 1001. (1. (11313133.
11011131. 3101) 33111131 11 hebben 313313 331131, 11331311
11111111 131 ool( 1333133111111113 33 3131 1331331111111113333
1331133133 13 Ciceros Annales Maximi gekomen was.

1. 1133 1113313 11311113 13333 1333111311 1311. M. 131131 1133-
111331 bij Gellius 1v 5⁸), 333113 311 het x1 113311 131 Α. 11.

l) 1113331111 31311 er 1331311131, (1333333113 111111 Niebuhr.

1) 113 1331 16.- 11331311 (331. solem 111133 oppositum 1313131311311) 13 133·
trum quidem Ennium 111311, 1 3111111 scribit 311113 33113133331113 0001113 pon
Romam conditam,

Nonis 1311131311 11113 31311111 31 nox.
31333 133 111 re 131113 111331 ratio adque sollertia 31 31131 113, 3113111 33111111·
313111 31 111 Maximis Annalibus 3333133311111 videmus, 11331131133311313133·
tiones reputatae 31111, usquead 1113111, 31133 Ν3313 331331111111]111 1331131113 Romulo.
Mon 313 111331 1131331331 3133133 13 obsequentis Ρ13113 1113301311
p. XX= 31311313 3131111111 33111111 31113 3 DV. publicem fuisse 1131113.

3) 113 11111331 133 het 13333 1133133111 11 13331 1131 3113133113 133 Horatius

 

