1133333

1. 7. 1. 72.
10. Ι. 72.
18. 1. 73.

mm 1110103311.

97. 1393.

101. 1393.
102. Π. 284.

25. 1. 7311283111. 2. 1393.

40. 11. 283.
44. 1. 73.
47. 1. 73.
56. 1. 73.
73. 1. 73.
74. 1. 73.
36. 1. 73.
87. 1. 74.
90. 1. 74.
100. 1. 74.
102. I. 74.
114. 1, 75.
115. 1. 75.
116. 1. 75.
121175.

3. 1. 80.

’ 11. 1393.

12. 1. 393.
1311. 3.
15. 1394.

’21 1. 394.

23131.
311394.
33Π 3
39.181Π 9
40181118
411110,

43. 1, 8111. ll.

44. 11. 11.

45. 11. 11. 11234.

12. 11. 22.
13. 11. 23.
14. l. 85.
18. 1. 85.11. 23.
19. I. 85.
20. Π. 24.
25. Π. 24.
27. 11. 24.
28. Π. 24.
32. 1. 3111. 24.
33. II. 24.
41. 1. 86.
51· 11. 25.
55. 1 36.
56. 1. 36.
57. 1390.
60. l. 8311. 25.
61. II. 25.
63. I. 37. Π. 25.

47. 11:12.

49. 11. 12.

51. lI. 13.

52. 11. 13.

53. 11. 13.

55. 11. 14.

56. Ι. 31. 11. 14.
58, 1. 81.

59. 1. 31. 11. 15.
62. 1. 82.

63. II. 15.

64. II. 15. 16.
66. 11. 16.

67. 11. 16.

68. Π. 16.

60. 11. 16.

31333
313
313
313
313
313
31333
31333
31333
333
333
133333
313 .
313
313.
31333.
333 1133
333 133
313331 133.
333 133
333 133
333 133
333 333
313 313
31333

132. 175.
142. Ι. 77.
11. 3.1 77 1390.
4. Ι..390
10. 1. 78. 1390,
11. 1390,
13, I. 390.
15. 1. 73. l. 390.
21. 1390.
26. 1390.
. 29. I. 390.
35. 1390.
36. 1. 78.
37. 1390.
39. 1. 78. 1. 390.
40. 1. 73. 1390.
41. 1. 79. 1390.
42, l. 390.
43. 1391.
49. Ι. 79. 1391.
50. 1391.
51. 1391.
52, 1. 391.
54. 1391.
61. I. 79.
62. 1. 79. 113. Π. 20.
64. 1392. 115. 1. 34.
65. 1. 7311234. 11311. 20.
68. 1. 80. IV. 4.
75. 1, 80. 6.
7313918.

14. 1171.
15. 11233.
16. 1171.
17. 11. 233.
13. Π.239.

20.1..383 11. 239.
21. Π, 289.
2111289.
26. 11. 239.

Ι1 1911289.
.;;1

311392.
39. 1.39211234.1.11
91180 11.1..84Η22

 

