DEMOSTHENES IX, 46 sqq.

«466-

1161 16 6161 66666111( 166666166616 616616 611 Demosthenes’
16616 Philippica met 666166 6616116611611 16 16666 66 6161 16
16 6166, 161 161 6666 661661 161666666 616616 is. Trouwens
in het 16616 1661661611 Σ 661166611 16166661616 66166116 666
346, 16 661666 1661661611166 6611666161 161 flemma [ἐκ 661
γραμματείου 6166666616666]. We! 166611 1161616616 6666661 de
16 Σ 66116616616 66666166 666 S 46 616 161 lemma 16 661166
66 6611 16 m. i. 6611666666 6166161166 6666616166 666 616666 6611
16666116616661, 6666666661 166666 66 66666, (6666 ik 661661
6161, 161 6116 161666, 16161661666661666, 666 6616 anderen
6666161666 661. 116661616661 (61] 16166666161 666116616666666
om 16116, 16 16 Σ 66116616616 66666166 66 161 lemma, 6666
16 16166. 11666666 hij 661166 1666666(66616666661(1,161111
lemma 1166 6166116 16666616666 16, 666161 (666 66666116, 161
op eene 611 1166616 66666, 61616 6616666616 161661616666-
666616 66666166 161 161 66116 6161116, 6666666616616611 661-
66661 116616 16 661666, 166 66161666616666161116 16 661·
66616 6116666611166 (S 47 6166.) 661666 16116666,661]6111]
6611 666 op de 6666116 616616 611666 66166666166. Welken za·
16661666 hij 6611 op 1611666616 61 16616 6661611 16666166 66666
66 66166661 66116161 16611, 16666666161611116161 66666161116·
1611616166 6161 uit. 16161116616 161166 (61] 6666 mljn 66666·
166 16 6666661 (16 666 161 161661 666 § 46 66 666 16 16·
661616166 666 161 lemma 16 666166, 161 6616666166 16 66666 .
16 § 46 1611616611666161166 16 66166666166 16 § 47 6166.
6666 66666166616666666661 1661661.

16 1666 16666166 juist en kunnen 661] 6161666666666, 161
66 1166 1616 61166661166 16, (166 11161161661161666661616611166
6666, 161 161161666 16 § 47 66 666661611666 66166616 §§ be·
661 1166 6161 1616661 66 616 6666 16166661166 16 1666166666 is,
116 166 6666661166 1666 666[166661666666166666166666616661.

11666 1666 6166166, 6666 666666 ik 66661, 666 616166666661

 

